# arXiv ids already triaged by the weekly sweep (tools/arxiv_candidates.py --mark-seen).
# arxiv_candidates.py drops them, so overlapping windows do not show them twice.
2609.34058
2609.34061
2609.34085
2609.34134
2609.34190
2609.34199
2609.34222
2609.34233
2609.34237
2609.34241
2609.34261
2609.34268
2609.34270
2609.34286
2609.34296
2609.34300
2609.34358
2609.34362
2609.34373
2609.34375
2609.34387
2609.34400
2609.34414
2609.34418
2609.34422
2609.34426
2609.34467
2609.34486
2609.34488
2609.34509
2609.34512
2609.34550
2609.34553
2609.34554
2609.34557
2609.34561
2609.34575
2609.34593
2609.34599
2609.34604
2609.34606
2609.34608
2609.34684
2609.34724
2609.34743
2609.34791
2609.34810
2609.34823
2609.34848
2609.34849
2609.34851
2609.34893
2609.34948
2609.34968
2609.34981
2609.34982
2609.34990
2609.35003
2609.35032
2609.35052
2609.35058
2609.35082
2609.35158
2609.35200
2609.35249
2609.35259
2609.35264
2609.35267
2609.35268
2609.35303
2609.35311
2609.35347
2609.35375
2609.35415
2609.35426
2609.35431
2609.35432
2609.35433
2609.35439
2609.35466
2609.35469
2609.35505
2609.35525
2609.35570
2609.35652
2609.35690
2609.35706
2609.35715
2609.35741
2609.35758
2609.35767
2609.35916
2609.35935
2609.35936
2609.35954
2609.36058
2609.36091
2609.36118
2609.36171
2609.36238
2609.36262
2609.36305
2609.36333
2609.36347
2609.36390
2609.36393
2609.36413
2609.36416
2609.36421
2609.36438
2609.36454
2609.36471
2609.36482
2609.36484
2609.36520
2609.36530
2609.36540
2609.36553
2609.36570
2609.36575
2609.36582
2609.36595
2609.36596
2609.36602
2609.36641
2609.36642
2609.36740
2609.36742
2609.36750
2609.36774
2609.36801
2609.36812
2609.36816
2609.36830
2609.36860
2609.36867
2609.36870
2609.36885
2609.36889
2609.36896
2609.36900
2609.36934
2609.36939
2609.36944
2609.36953
2609.36993
2609.37002
2609.37035
2609.37046
2609.37055
2609.37066
2609.37067
2609.37070
2609.37084
2609.37098
2609.37119
2609.37126
2609.37135
2609.37150
2609.37181
2609.37250
2609.37292
2609.37307
2609.37311
2609.37316
2609.37377
2609.37432
2609.37441
2609.37522
2609.37552
2609.37560
2609.37602
2609.37633
2609.37655
2609.37670
2609.37684
2609.37708
2609.37712
2609.37721
2609.37772
2609.37793
2609.37825
2609.37851
2609.37868
2609.37898
2609.37922
2609.37970
2609.38016
2609.38028
2609.38046
2609.38078
2609.38087
2609.38133
2609.38142
2609.38154
2609.38163
2609.38225
2609.38282
2609.38360
2609.38383
2609.38391
2609.38401
2609.38405
2609.38407
2609.38418
2609.38421
2609.38437
2609.38462
2609.38494
2609.38527
2609.38570
2609.38588
2609.38593
2609.38598
2609.38616
2609.38640
2609.38641
2609.38653
2609.38673
2609.38709
2609.38715
2609.38733
2609.38743
2609.38757
2609.38792
2609.38824
2609.38850
2609.38852
2609.38854
2609.38855
2609.38857
2609.38862
2609.38873
2609.38889
2609.38890
2609.38903
2609.38905
2609.38927
2609.38928
2609.38948
2609.38955
2609.38966
2609.38982
2609.38984
2609.38989
2609.39017
2609.39018
2609.39038
2609.39056
2609.39145
2609.39151
2609.39166
2609.39168
2609.39179
2609.39195
2609.39198
2609.39207
2609.39220
2609.39235
2609.39245
2609.39247
2609.39304
2609.39322
2609.39324
2609.39378
2609.39382
2609.39384
2609.39388
2609.39402
2609.39403
2609.39405
2609.39436
2609.39441
2609.39490
2609.39507
2609.39526
2609.39596
2609.39600
2609.39601
2609.39634
2609.39645
2609.39665
2609.39670
2609.39685
2609.39751
2609.39754
2609.39757
2609.39763
2609.39794
2609.39820
2609.39822
2609.39837
2609.39854
2609.39859
2609.39868
2609.39870
2609.39873
2609.39901
2609.39911
2609.39915
2609.39970
2609.39971
2609.39973
2609.40035
2609.40085
2609.40134
2609.40149
2609.40153
2609.40165
2609.40177
2609.40219
2609.40253
2609.40306
2609.40341
2609.40353
2610.00317
2610.00319
2610.00360
2610.00368
2610.00404
2610.00524
2610.00542
2610.00575
2610.00601
2610.00638
2610.00661
2610.00676
2610.00705
2610.00727
2610.00729
2610.00731
2610.00751
2610.00778
2610.00781
2610.00838
2610.00849
2610.00854
2610.00859
2610.00864
2610.00903
2610.00904
2610.00913
2610.00921
2610.00976
2610.00979
2610.00991
2610.00992
2610.01001
2610.01019
2610.01048
2610.01083
2610.01093
2610.01102
2610.01128
2610.01162
2610.01171
2610.01178
2610.01207
2610.01219
2610.01224
2610.01258
2610.01260
2610.01319
2610.01397
2610.01399
2610.01413
2610.01509
2610.01513
2610.01559
2610.01566
2610.01569
2610.01583
2610.01612
2610.01626
2610.01652
2610.01687
2610.01698
2610.01741
2610.01789
2610.01849
2610.01856
2610.01863
2610.01882
2610.01896
2610.01972
2610.02012
2610.02039
2610.02054
2610.02120
2610.02140
2610.02179
2610.02196
2610.02198
2610.02204
2610.02274
2610.02323
2610.02341
2610.02359
2610.02360
2610.02366
2610.02368
2610.02398
2610.02459
2610.02505
2610.02508
2610.02521
2610.02525
2610.02527
2610.02542
2610.02545
2610.02554
2610.02626
2610.02666
2610.02668
2610.02691
2610.02694
2610.02697
2610.02700
2610.02706
2610.02708
2610.02717
2610.02728
2610.02740
2610.02759
2610.02781
2610.02784
2610.02788
2610.02801
2610.02804
2610.02828
2610.02832
2610.02840
2610.02846
2610.02847
2610.02848
2610.02874
2610.02911
2610.02985
2610.03013
2610.03065
2610.03079
2610.03119
2610.03165
2610.03185
2610.03196
2610.03223
2610.03249
2610.03273
2610.03361
2610.03374
2610.03388
2610.03391
2610.03395
2610.03454
2610.03476
2610.03498
2610.03516
2610.03537
2610.03538
2610.03587
2610.03598
2610.03604
2610.03607
2610.03615
2610.03620
2610.03634
2610.03665
2610.03667
2610.03710
